105     [255, 182, 120]/4.0/BLACK/-1,2,9,352,
112     [547, 110]/inf/WHITE/-
119     [19]/4.0/BLACK/-1,2,164,195,
126     [445, 189, 196, 151, 251, 657, 133]/3.0/BLACK/-1,141,16,
133     [141, 32, 379, 136, 8]/2.0/BLACK/-1,377,
16      [54, 5, 66, 1, 516, 81, 35, 126, 269, 78, 766, 1, 547, 20]/2.0/BLACK/-1,141,
161     [157, 158, 629]/5.0/BLACK/-1,136,26,286,348,
168     [51]/7.0/BLACK/-1,73,449,567,219,86,226,
175     [214, 422]/4.0/BLACK/-1,136,26,203,
182     [619]/5.0/BLACK/-1,2,9,352,105,
189     [698, 470, 258, 448, 67]/4.0/BLACK/-1,141,16,126,
196     [269, 195, 158, 8]/4.0/BLACK/-1,141,16,126,
203     [453, 101, 175, 438, 241]/3.0/BLACK/-1,136,26,
210     [66]/5.0/BLACK/-1,141,16,66,204,
23      [24, 773, 54, 40]/2.0/BLACK/-1,4,
238     [369]/inf/WHITE/-
245     EMPTY/4.0/BLACK/-1,2,164,195,
252     [63, 2, 5, 1, 259, 328, 439]/6.0/BLACK/-1,63,78,79,535,532,
259     [401, 314, 8, 759]/7.0/BLACK/-1,63,78,79,535,532,252,
266     [329, 1, 652, 394, 144, 835, 838]/2.0/BLACK/-1,141,
273     [770, 148]/4.0/BLACK/-1,564,64,751,
301     [323, 988]/4.0/BLACK/-1,4,23,24,
308     [58]/inf/WHITE/-
329     [51, 94, 391]/3.0/BLACK/-1,141,266,
336     [101]/inf/WHITE/-
392     [386]/7.0/BLACK/-1,141,266,329,94,220,149,
399     [773]/inf/WHITE/-
441     [464, 505]/3.0/BLACK/-1,377,752,
448     [573]/5.0/BLACK/-1,141,16,126,189,
469     [9, 908, 442, 473, 407, 104]/2.0/BLACK/-1,377,
476     [539, 102]/inf/WHITE/-
5       [51, 199, 633, 524, 79, 394]/3.0/BLACK/-1,564,64,
504     [823, 619, 563, 695, 536, 630, 316, 754, 554]/5.0/BLACK/-1,141,266,329,51,
51      [504, 161]/4.0/BLACK/-1,141,266,329,
511     [152]/4.0/BLACK/-1,564,570,261,
532     [800, 698, 252, 539, 380, 505, 300, 604, 907]/5.0/BLACK/-1,63,78,79,535,
539     [626, 672, 883, 71]/6.0/BLACK/-1,63,78,79,535,532,
567     [219]/3.0/BLACK/-1,73,449,
574     EMPTY/5.0/BLACK/-1,141,266,329,391,
58      [51, 158]/3.0/BLACK/-1,564,64,
581     [595, 417]/5.0/BLACK/-1,141,16,35,42,
588     [776, 619]/inf/WHITE/-
595     [860, 32]/6.0/BLACK/-1,141,16,35,42,581,
602     EMPTY/3.0/BLACK/-1,564,570,
609     [859, 1, 536]/4.0/BLACK/-1,2,164,195,
616     [351, 85, 204, 86, 54]/inf/WHITE/-
630     EMPTY/4.0/BLACK/-1,141,16,20,
637     EMPTY/3.0/BLACK/-1,48,40,
644     [880, 17, 16, 81]/5.0/BLACK/-1,2,19,237,145,
658     [917, 723, 907, 665]/8.0/BLACK/-1,564,64,5,633,376,938,985,
665     [877]/5.0/BLACK/-1,141,16,20,39,
672     [203]/5.0/BLACK/-1,63,519,754,251,
679     [126]/inf/WHITE/-
714     [839]/5.0/BLACK/-1,141,16,66,88,
735     [722]/inf/WHITE/-
770     [942, 532, 502]/4.0/BLACK/-1,63,501,891,
777     [262, 963, 838]/inf/WHITE/-
79      [203, 464, 17, 535, 703]/3.0/BLACK/-1,63,78,
798     [767]/3.0/BLACK/-1,4,782,
805     EMPTY/5.0/BLACK/-1,63,519,754,540,
847     [800]/5.0/BLACK/-1,4,142,642,953,
86      [226, 74, 175, 714, 338]/5.0/BLACK/-1,73,449,567,219,
910     [141]/inf/WHITE/-
917     [32, 925]/9.0/BLACK/-1,564,64,5,633,376,938,985,658,
938     [883, 985, 813]/6.0/BLACK/-1,564,64,5,633,376,
945     [898, 976, 976]/4.0/BLACK/-1,63,501,891,
973     [814]/inf/WHITE/-
987     [970]/3.0/BLACK/-1,141,648,
994     [991, 886, 366, 862]/inf/WHITE/-
113     [595]/inf/WHITE/-
120     EMPTY/5.0/BLACK/-1,564,64,17,57,
127     [214, 134]/3.0/BLACK/-1,4,142,
134     [40, 387, 237, 9]/4.0/BLACK/-1,377,133,8,
141     [158, 26, 648, 266, 550, 16, 16, 394]/1.0/BLACK/-1,
148     [85, 991]/3.0/BLACK/-1,377,752,
17      [151, 16, 57, 58]/3.0/BLACK/-1,564,64,
176     [109]/5.0/BLACK/-1,4,23,773,808,
183     [380, 741, 35]/inf/WHITE/-
204     [189, 66, 210]/4.0/BLACK/-1,141,16,66,
211     [78, 710]/5.0/BLACK/-1,136,26,203,241,
24      [301, 141, 578, 648]/3.0/BLACK/-1,4,23,
267     [423, 160, 270]/inf/WHITE/-
274     [9]/2.0/BLACK/-1,4,
316     [297]/2.0/BLACK/-1,377,
323     [4, 354]/5.0/BLACK/-1,4,23,24,301,
344     [347, 39]/4.0/BLACK/-1,2,9,258,
351     [8]/inf/WHITE/-
379     [422, 894]/3.0/BLACK/-1,377,133,
386     [907, 379]/8.0/BLACK/-1,141,266,329,94,220,149,392,
407     [438, 695, 196, 720, 297, 289, 441]/3.0/BLACK/-1,377,469,
414     [422, 448]/7.0/BLACK/-1,141,16,35,42,581,417,
442     [446, 477]/3.0/BLACK/-1,377,469,
449     [567]/2.0/BLACK/-1,73,
456     [710, 526]/6.0/BLACK/-1,141,266,329,94,313,
463     [461]/inf/WHITE/-
470     [348]/5.0/BLACK/-1,141,16,126,189,
477     [439]/4.0/BLACK/-1,377,469,442,
484     [417, 380, 532]/inf/WHITE/-
491     [855, 460]/5.0/BLACK/-1,564,64,314,438,
505     [127, 512]/4.0/BLACK/-1,377,752,441,
512     EMPTY/3.0/BLACK/-1,4,762,
519     [141, 754, 126]/2.0/BLACK/-1,63,
526     [387, 511, 398, 761, 571, 2]/4.0/BLACK/-1,141,16,516,
533     [566, 376]/4.0/BLACK/-1,564,64,508,
540     [636, 805]/4.0/BLACK/-1,63,519,754,
547     [274, 710, 523, 50]/3.0/BLACK/-1,141,16,
554     [57]/4.0/BLACK/-1,4,23,54,
582     [505, 570, 78, 81]/inf/WHITE/-
589     EMPTY/5.0/BLACK/-1,377,752,148,85,
617     EMPTY/5.0/BLACK/-1,4,23,24,578,
645     [407]/inf/WHITE/-
652     EMPTY/3.0/BLACK/-1,141,266,
66      [277, 439, 88, 204, 1, 73]/3.0/BLACK/-1,141,16,
673     [915, 557, 752]/inf/WHITE/-
722     EMPTY/7.0/BLACK/-1,141,16,35,42,581,417,
729     [823]/5.0/BLACK/-1,136,26,286,785,
73      [449]/1.0/BLACK/-1,
785     [729]/4.0/BLACK/-1,136,26,286,
792     [960, 601]/4.0/BLACK/-1,2,129,636,
813     [472, 442, 1]/4.0/BLACK/-1,564,64,320,
820     [324, 657, 258]/inf/WHITE/-
855     [354]/6.0/BLACK/-1,564,64,314,438,491,
862     [918]/4.0/BLACK/-1,141,266,838,
869     [914, 289, 800]/inf/WHITE/-
876     [251, 4]/inf/WHITE/-
883     [696]/7.0/BLACK/-1,564,64,5,633,376,938,
911     EMPTY/5.0/BLACK/-1,377,133,32,627,
918     EMPTY/5.0/BLACK/-1,141,266,838,862,
925     EMPTY/10.0/BLACK/-1,564,64,5,633,376,938,985,658,917,
939     [816, 379]/5.0/BLACK/-1,141,16,547,523,
94      [359, 70, 220, 219, 35, 223, 4, 313]/4.0/BLACK/-1,141,266,329,
946     [320]/4.0/BLACK/-1,2,9,814,
953     [78, 142, 847]/4.0/BLACK/-1,4,142,642,
960     EMPTY/5.0/BLACK/-1,2,129,636,792,
988     EMPTY/5.0/BLACK/-1,4,23,24,301,
11      [73, 23, 4, 1, 4, 8]/3.0/BLACK/-1,2,12,
142     [127, 642, 5]/2.0/BLACK/-1,4,
149     [649, 392]/6.0/BLACK/-1,141,266,329,94,220,
191     EMPTY/6.0/BLACK/-1,564,64,508,601,188,
198     [134, 167, 273, 199]/4.0/BLACK/-1,2,164,195,
219     [134, 86, 157, 203, 453, 366, 230]/4.0/BLACK/-1,73,449,567,
226     [210, 179, 168, 425]/6.0/BLACK/-1,73,449,567,219,86,
254     [729, 262, 129, 761]/4.0/BLACK/-1,63,519,754,
261     [11, 285, 129, 511, 129]/3.0/BLACK/-1,564,570,
282     [289, 259, 300, 783, 94]/6.0/BLACK/-1,377,469,908,828,831,
289     [292, 352, 891]/4.0/BLACK/-1,2,164,195,
317     [314]/inf/WHITE/-
32      [695, 251, 126, 536, 604, 627, 136]/3.0/BLACK/-1,377,133,
324     [24]/inf/WHITE/-
331     [866, 766]/3.0/BLACK/-1,4,766,
338     EMPTY/6.0/BLACK/-1,73,449,567,219,86,
345     [157]/inf/WHITE/-
352     [105]/3.0/BLACK/-1,2,9,
359     EMPTY/4.0/BLACK/-1,377,316,297,
366     [316, 547]/5.0/BLACK/-1,73,449,567,219,
380     [391, 379, 129]/6.0/BLACK/-1,63,78,79,535,532,
387     EMPTY/5.0/BLACK/-1,141,16,516,526,
39      [665]/4.0/BLACK/-1,141,16,20,
394     [126, 894, 922, 449]/2.0/BLACK/-1,4,
401     [26]/8.0/BLACK/-1,63,78,79,535,532,252,259,
408     [535, 907, 719, 984]/inf/WHITE/-
415     [430, 283]/inf/WHITE/-
422     [157, 290]/3.0/BLACK/-1,4,766,
429     [391, 484]/inf/WHITE/-
464     EMPTY/4.0/BLACK/-1,63,78,79,
485     [71]/9.0/BLACK/-1,564,64,5,633,376,938,883,696,
492     EMPTY/3.0/BLACK/-1,141,158,
520     [571]/inf/WHITE/-
527     EMPTY/4.0/BLACK/-1,564,64,314,
555     [722]/inf/WHITE/-
597     EMPTY/5.0/BLACK/-1,377,752,755,573,
604     [445, 4]/4.0/BLACK/-1,377,133,32,
660     [276, 136]/5.0/BLACK/-1,141,16,126,657,
67      [258]/5.0/BLACK/-1,141,16,126,189,
688     [719]/3.0/BLACK/-1,63,501,
695     EMPTY/4.0/BLACK/-1,377,133,32,
723     [692]/9.0/BLACK/-1,564,64,5,633,376,938,985,658,
730     [423]/3.0/BLACK/-1,2,129,
737     [642]/6.0/BLACK/-1,63,519,754,941,206,
74      [691, 536]/2.0/BLACK/-1,4,
751     [273, 2, 766, 8, 516, 261, 563, 895]/3.0/BLACK/-1,564,64,
758     [887, 754, 16]/6.0/BLACK/-1,63,501,891,945,898,
786     [805]/inf/WHITE/-
793     [915]/inf/WHITE/-
800     [798]/4.0/BLACK/-1,377,316,297,
807     [50, 891]/5.0/BLACK/-1,141,266,144,402,
81      EMPTY/3.0/BLACK/-1,141,16,
814     [946]/3.0/BLACK/-1,2,9,
828     [831]/4.0/BLACK/-1,377,469,908,
835     [27, 751]/3.0/BLACK/-1,141,266,
863     [110]/inf/WHITE/-
877     [173]/5.0/BLACK/-1,377,316,297,797,
88      [612, 714]/4.0/BLACK/-1,141,16,66,
884     [277, 977, 167]/inf/WHITE/-
891     [770, 894, 422, 945, 439]/3.0/BLACK/-1,63,501,
898     [508, 758]/5.0/BLACK/-1,63,501,891,945,
926     EMPTY/3.0/BLACK/-1,2,536,
933     EMPTY/6.0/BLACK/-1,564,64,314,783,957,
95      [97]/5.0/BLACK/-1,564,64,751,563,
954     [969, 555]/inf/WHITE/-
961     [813]/inf/WHITE/-
1       [48, 2, 63, 136, 564, 73, 377, 141, 63, 4]/0.0/BLACK/-
101     [102, 516]/4.0/BLACK/-1,136,26,203,
12      [432, 11]/2.0/BLACK/-1,2,
129     [35, 730, 636]/2.0/BLACK/-1,2,
136     [151, 26]/1.0/BLACK/-1,
157     [504, 126]/4.0/BLACK/-1,4,782,234,
164     [195, 54]/2.0/BLACK/-1,2,
19      [5, 519, 237]/2.0/BLACK/-1,2,
192     [127]/4.0/BLACK/-1,2,129,636,
199     [726]/4.0/BLACK/-1,564,64,5,
206     [737, 222]/5.0/BLACK/-1,63,519,754,941,
213     [612]/inf/WHITE/-
220     [149]/5.0/BLACK/-1,141,266,329,94,
227     [43, 445, 352]/inf/WHITE/-
234     [157, 285]/3.0/BLACK/-1,4,782,
241     [211, 203, 119]/4.0/BLACK/-1,136,26,203,
255     [35, 316, 273, 313, 1]/5.0/BLACK/-1,2,9,352,105,
26      [316, 203, 286, 158]/2.0/BLACK/-1,136,
262     EMPTY/2.0/BLACK/-1,377,
269     [5, 290, 23, 331]/3.0/BLACK/-1,141,16,
276     [335, 495]/5.0/BLACK/-1,564,64,5,633,
283     [48, 300]/4.0/BLACK/-1,564,64,314,
290     [58]/4.0/BLACK/-1,2,9,258,
297     [800, 377, 359, 797]/3.0/BLACK/-1,377,316,
304     [274, 547]/7.0/BLACK/-1,564,64,5,633,276,335,
33      [298, 17]/2.0/BLACK/-1,564,
332     [777]/inf/WHITE/-
339     EMPTY/7.0/BLACK/-1,564,64,5,633,276,335,
360     [501, 321]/inf/WHITE/-
367     [852]/inf/WHITE/-
395     [332]/inf/WHITE/-
40      [164, 637, 5]/2.0/BLACK/-1,48,
402     [387, 807]/4.0/BLACK/-1,141,266,144,
423     [376]/4.0/BLACK/-1,2,129,730,
430     [203]/inf/WHITE/-
47      [172, 657, 141, 17, 251]/inf/WHITE/-
472     [157]/5.0/BLACK/-1,564,64,320,813,
479     EMPTY/3.0/BLACK/-1,136,151,
535     [35, 532, 105, 594, 942, 35, 867]/4.0/BLACK/-1,63,78,79,
54      [557, 289, 51, 554, 26]/3.0/BLACK/-1,4,23,
542     [597, 602, 573]/inf/WHITE/-
563     [74, 95]/4.0/BLACK/-1,564,64,751,
570     [602, 261]/2.0/BLACK/-1,564,
598     [813, 729, 509]/inf/WHITE/-
605     [32]/inf/WHITE/-
612     [838, 661]/4.0/BLACK/-1,2,19,237,
619     EMPTY/6.0/BLACK/-1,141,266,329,51,504,
626     [675, 652, 129, 398, 71, 2]/7.0/BLACK/-1,63,78,79,535,532,539,
633     [276, 376, 133]/4.0/BLACK/-1,564,64,5,
661     [36, 127]/5.0/BLACK/-1,2,19,237,612,
675     [26]/8.0/BLACK/-1,63,78,79,535,532,539,626,
682     [679, 800, 619]/inf/WHITE/-
689     [105, 877]/inf/WHITE/-
696     [695, 485]/8.0/BLACK/-1,564,64,5,633,376,938,883,
703     [144]/4.0/BLACK/-1,63,78,79,
710     EMPTY/2.0/BLACK/-1,63,
752     [148, 755, 564, 262, 441, 767]/2.0/BLACK/-1,377,
759     [571, 945, 758]/8.0/BLACK/-1,63,78,79,535,532,252,259,
766     [331, 422]/2.0/BLACK/-1,4,
773     [899, 808]/3.0/BLACK/-1,4,23,
8       [79, 5, 134]/3.0/BLACK/-1,377,133,
801     [609, 917, 48]/inf/WHITE/-
808     [176]/4.0/BLACK/-1,4,23,773,
82      [283, 127, 332, 79]/inf/WHITE/-
829     [392]/inf/WHITE/-
89      [369]/4.0/BLACK/-1,141,16,35,
892     [648, 252]/inf/WHITE/-
899     EMPTY/4.0/BLACK/-1,4,23,773,
941     [206]/4.0/BLACK/-1,63,519,754,
948     [418]/6.0/BLACK/-1,2,9,258,344,347,
969     [258]/4.0/BLACK/-1,377,469,908,
976     EMPTY/5.0/BLACK/-1,377,752,148,991,
102     [220, 377]/5.0/BLACK/-1,136,26,203,101,
109     EMPTY/6.0/BLACK/-1,4,23,773,808,176,
116     [735, 235, 55]/inf/WHITE/-
130     [410, 448, 157]/inf/WHITE/-
137     [195, 509, 637, 126]/4.0/BLACK/-1,2,321,384,
144     [402, 160]/3.0/BLACK/-1,141,266,
151     [479]/2.0/BLACK/-1,136,
158     [492, 63]/2.0/BLACK/-1,141,
172     EMPTY/3.0/BLACK/-1,63,78,
179     EMPTY/7.0/BLACK/-1,73,449,567,219,86,226,
2       [1, 164, 129, 19, 9, 321, 12, 536]/1.0/BLACK/-1,
20      [26, 39, 51, 630]/3.0/BLACK/-1,141,16,
207     [64, 192]/4.0/BLACK/-1,141,16,516,
214     [98, 211]/4.0/BLACK/-1,4,142,127,
242     [301, 71]/inf/WHITE/-
27      EMPTY/4.0/BLACK/-1,141,266,835,
270     [266, 848]/inf/WHITE/-
277     EMPTY/4.0/BLACK/-1,141,16,66,
298     EMPTY/3.0/BLACK/-1,564,33,
305     [48, 149, 930]/inf/WHITE/-
347     [363, 73, 344, 948]/5.0/BLACK/-1,2,9,258,344,
354     [292]/6.0/BLACK/-1,4,23,24,301,323,
410     [251, 479, 160]/inf/WHITE/-
417     [11, 722, 414]/6.0/BLACK/-1,141,16,35,42,581,
438     [630, 491, 501]/4.0/BLACK/-1,564,64,314,
445     [85, 547, 438]/4.0/BLACK/-1,141,16,126,
473     EMPTY/3.0/BLACK/-1,377,469,
48      [40]/1.0/BLACK/-1,
501     [517, 844, 891, 688, 1]/2.0/BLACK/-1,63,
508     [533, 601, 564]/3.0/BLACK/-1,564,64,
536     [926]/2.0/BLACK/-1,2,
55      [283]/inf/WHITE/-
550     [570]/2.0/BLACK/-1,141,
557     [629, 797]/4.0/BLACK/-1,4,23,54,
564     [33, 570, 64]/1.0/BLACK/-1,
571     [516]/4.0/BLACK/-1,2,9,461,
578     [502, 145, 585, 617, 589]/4.0/BLACK/-1,4,23,24,
585     [241, 277]/5.0/BLACK/-1,4,23,24,578,
613     [363]/inf/WHITE/-
620     [610]/inf/WHITE/-
627     [636, 911]/4.0/BLACK/-1,377,133,32,
634     [945]/6.0/BLACK/-1,63,501,891,770,502,
641     EMPTY/4.0/BLACK/-1,141,16,516,
648     [987]/2.0/BLACK/-1,141,
676     [658]/inf/WHITE/-
683     [786]/inf/WHITE/-
704     [696, 711]/inf/WHITE/-
711     [213]/inf/WHITE/-
767     [377, 33]/3.0/BLACK/-1,377,752,
774     [8]/inf/WHITE/-
816     [976]/6.0/BLACK/-1,141,16,547,523,939,
823     [960]/6.0/BLACK/-1,136,26,286,785,729,
844     [9]/3.0/BLACK/-1,63,501,
851     [609]/inf/WHITE/-
879     [938, 800]/inf/WHITE/-
886     [292]/inf/WHITE/-
9       [352, 461, 258, 814, 26]/2.0/BLACK/-1,2,
907     EMPTY/5.0/BLACK/-1,63,519,754,251,
914     [726]/5.0/BLACK/-1,141,16,35,42,
942     EMPTY/5.0/BLACK/-1,63,501,891,770,
956     [894]/inf/WHITE/-
963     [85, 383]/inf/WHITE/-
97      [453, 234]/6.0/BLACK/-1,564,64,751,563,95,
970     EMPTY/4.0/BLACK/-1,141,648,987,
977     [869]/inf/WHITE/-
991     [976]/4.0/BLACK/-1,377,752,148,
110     [324, 33, 81, 16]/inf/WHITE/-
117     [102]/inf/WHITE/-
145     [644, 411]/4.0/BLACK/-1,2,19,237,
152     EMPTY/5.0/BLACK/-1,564,570,261,511,
173     [223, 894]/6.0/BLACK/-1,377,316,297,797,877,
180     [235]/inf/WHITE/-
222     EMPTY/5.0/BLACK/-1,2,164,195,160,
285     EMPTY/4.0/BLACK/-1,141,16,35,
292     EMPTY/5.0/BLACK/-1,2,164,195,289,
313     [456, 40, 9, 48, 66]/5.0/BLACK/-1,141,266,329,94,
320     [344, 314, 813, 23, 377, 352, 8]/3.0/BLACK/-1,564,64,
348     [161]/4.0/BLACK/-1,136,26,286,
35      [89, 42, 4, 285, 501]/3.0/BLACK/-1,141,16,
355     [449]/3.0/BLACK/-1,2,321,
362     [120]/6.0/BLACK/-1,2,164,195,198,167,
369     EMPTY/5.0/BLACK/-1,141,16,35,89,
376     [938, 164, 417, 4, 19]/5.0/BLACK/-1,564,64,5,633,
383     [453, 254, 133]/4.0/BLACK/-1,564,64,446,
411     EMPTY/5.0/BLACK/-1,2,19,237,145,
418     [73]/6.0/BLACK/-1,564,64,314,283,300,
42      [26, 36, 761, 914, 12, 581, 661]/4.0/BLACK/-1,141,16,35,
425     EMPTY/7.0/BLACK/-1,73,449,567,219,86,226,
432     EMPTY/3.0/BLACK/-1,2,12,
439     [508, 1]/4.0/BLACK/-1,141,16,66,
446     [789, 383]/3.0/BLACK/-1,564,64,
453     [383, 835, 1]/4.0/BLACK/-1,136,26,203,
460     EMPTY/6.0/BLACK/-1,564,64,314,438,491,
495     EMPTY/6.0/BLACK/-1,564,64,5,633,276,
502     [2, 501, 634]/5.0/BLACK/-1,63,501,891,770,
509     [8, 630, 359]/5.0/BLACK/-1,2,321,384,137,
516     [526, 207, 641]/3.0/BLACK/-1,141,16,
523     [939, 641, 24, 766, 571]/4.0/BLACK/-1,141,16,547,
551     [550]/inf/WHITE/-
579     [204]/6.0/BLACK/-1,4,23,54,557,629,
586     [57, 207]/inf/WHITE/-
63      [78, 501, 519, 710, 501]/1.0/BLACK/-1,
642     [953]/3.0/BLACK/-1,4,142,
649     EMPTY/7.0/BLACK/-1,141,266,329,94,220,149,
691     EMPTY/3.0/BLACK/-1,4,74,
698     [19]/5.0/BLACK/-1,141,16,126,189,
70      [695, 8, 1, 210, 94, 988]/5.0/BLACK/-1,141,266,329,94,
719     EMPTY/4.0/BLACK/-1,63,501,688,
726     EMPTY/5.0/BLACK/-1,564,64,5,199,
754     [251, 254, 540, 941, 535]/3.0/BLACK/-1,63,519,
761     [751, 535, 785]/5.0/BLACK/-1,63,519,754,254,
782     [234, 63, 798]/2.0/BLACK/-1,4,
789     [320]/4.0/BLACK/-1,564,64,446,
817     [836]/inf/WHITE/-
831     [4, 282]/5.0/BLACK/-1,377,469,908,828,
838     [862]/3.0/BLACK/-1,141,266,
859     [828]/5.0/BLACK/-1,2,164,195,609,
866     EMPTY/4.0/BLACK/-1,4,766,331,
880     [411]/6.0/BLACK/-1,2,19,237,145,644,
887     EMPTY/7.0/BLACK/-1,63,501,891,945,898,758,
894     EMPTY/3.0/BLACK/-1,4,394,
901     [198, 667]/inf/WHITE/-
908     [969, 798, 828, 969]/3.0/BLACK/-1,377,469,
922     EMPTY/3.0/BLACK/-1,4,394,
929     [972]/inf/WHITE/-
957     [839, 933]/5.0/BLACK/-1,564,64,314,783,
98      EMPTY/5.0/BLACK/-1,4,142,127,214,
985     [563, 658]/7.0/BLACK/-1,564,64,5,633,376,938,
104     [571, 142]/3.0/BLACK/-1,377,469,
160     [222, 508, 11]/4.0/BLACK/-1,2,164,195,
167     [362]/5.0/BLACK/-1,2,164,195,198,
188     [191, 698, 698]/5.0/BLACK/-1,564,64,508,601,
195     [609, 119, 289, 160, 245, 198, 127]/3.0/BLACK/-1,2,164,
223     EMPTY/5.0/BLACK/-1,141,266,329,94,
230     [2, 214]/5.0/BLACK/-1,73,449,567,219,
237     [145, 612]/3.0/BLACK/-1,2,19,
251     [672, 907, 511, 754]/4.0/BLACK/-1,63,519,754,
258     [23, 384, 290, 73, 344]/3.0/BLACK/-1,2,9,
286     [785, 348]/3.0/BLACK/-1,136,26,
293     [289]/inf/WHITE/-
300     [285, 862, 418, 254]/5.0/BLACK/-1,564,64,314,283,
307     [277]/inf/WHITE/-
314     [783, 438, 81, 266, 283, 527]/3.0/BLACK/-1,564,64,
321     [384, 355]/2.0/BLACK/-1,2,
328     [297, 269]/7.0/BLACK/-1,63,78,79,535,532,252,
335     [329, 304, 339]/6.0/BLACK/-1,564,64,5,633,276,
36      [516, 352]/5.0/BLACK/-1,141,16,35,42,
363     [418]/6.0/BLACK/-1,2,9,258,344,347,
377     [262, 316, 133, 752, 469]/1.0/BLACK/-1,
384     [137, 407]/3.0/BLACK/-1,2,321,
391     [398, 574]/4.0/BLACK/-1,141,266,329,
398     EMPTY/5.0/BLACK/-1,141,266,329,391,
4       [274, 766, 74, 23, 762, 142, 782, 394]/1.0/BLACK/-1,
426     [36]/inf/WHITE/-
43      [35]/6.0/BLACK/-1,63,78,79,535,594,
433     [24]/inf/WHITE/-
461     [571]/3.0/BLACK/-1,2,9,
50      [94, 54]/4.0/BLACK/-1,141,16,547,
517     [519, 2]/3.0/BLACK/-1,63,501,
524     [196, 23]/4.0/BLACK/-1,564,64,5,
566     EMPTY/5.0/BLACK/-1,564,64,508,533,
57      [805, 19, 120, 664]/4.0/BLACK/-1,564,64,17,
573     [597]/4.0/BLACK/-1,377,752,755,
594     [726, 43, 597, 907]/5.0/BLACK/-1,63,78,79,535,
601     [245, 188]/4.0/BLACK/-1,564,64,508,
629     [579, 754, 4, 657]/5.0/BLACK/-1,4,23,54,557,
636     [127, 192, 792, 5]/3.0/BLACK/-1,2,129,
64      [5, 314, 314, 446, 11, 751, 17, 508, 320, 58]/2.0/BLACK/-1,564,
657     [547, 660]/4.0/BLACK/-1,141,16,126,
664     [501, 636, 2]/5.0/BLACK/-1,564,64,17,57,
692     [207]/10.0/BLACK/-1,564,64,5,633,376,938,985,658,723,
699     [973]/inf/WHITE/-
71      [81, 133, 566, 137]/7.0/BLACK/-1,63,78,79,535,532,539,
713     [479, 808, 558]/inf/WHITE/-
720     [105]/4.0/BLACK/-1,377,469,407,
755     [573]/3.0/BLACK/-1,377,752,
762     [512]/2.0/BLACK/-1,4,
769     [505, 360]/inf/WHITE/-
776     [566, 558, 183]/inf/WHITE/-
78      [64, 16, 79, 172]/2.0/BLACK/-1,63,
783     [957, 782, 785]/4.0/BLACK/-1,564,64,314,
790     [852]/inf/WHITE/-
797     [752, 516, 877]/4.0/BLACK/-1,377,316,297,
832     [831, 581, 286]/inf/WHITE/-
839     [344]/6.0/BLACK/-1,141,16,66,88,714,
85      [78, 27, 589]/4.0/BLACK/-1,377,752,148,
860     EMPTY/7.0/BLACK/-1,141,16,35,42,581,595,
867     EMPTY/5.0/BLACK/-1,63,78,79,535,
895     EMPTY/4.0/BLACK/-1,564,64,751,
923     [255]/inf/WHITE/-
930     [658]/inf/WHITE/-
972     [722]/inf/WHITE/-